20233900 20233911
20233900 20233907
20233900 20233902
20233901 20233922
20233901 20233908
20233902 20233924
20233903 20233934
20233904 20233949
20233904 20233908
20233905 20233913
20233905 20233910
20233906 20233935
20233906 20233938
20233906 20233911
20233907 20233932
20233907 20233943
20233907 20233921
20233908 20233926
20233908 20233930
20233909 20233915
20233911 20233926
20233911 20233938
20233911 20233937
20233912 20233940
20233912 20233915
20233913 20233939
20233914 20233941
20233916 20233940
20233917 20233925
20233918 20233940
20233918 20233925
20233918 20233935
20233919 20233932
20233920 20233928
20233922 20233934
20233923 20233926
20233924 20233930
20233925 20233935
20233925 20233945
20233925 20233939
20233928 20233943
20233929 20233937
20233929 20233949
20233930 20233944
20233931 20233946
20233931 20233947
20233931 20233941
20233933 20233947
20233933 20233934
20233934 20233944
20233937 20233942
20233940 20233948
20233941 20233942
20233942 20233946
